latitude=51.575710
longitude=7.209179
apikey=YOUR_API_KEY
radius=5
