latitude=51.575710
longitude=7.209179
apiKey=
radius=2
